  12511 170.0
   9199 186.0
   8392 161.0
   7698 68.0
   7135 79.0
   6520 234.0
   6378 164.0
   6059 249.0
   5898 230.0
   5643 246.0
   5584 113.0
   5202 107.0
   4670 100.0
   4463 48.0
   4445 162.0
   4416 114.0
   4242 90.0
   3947 137.0
   3870 231.0
   3481 158.0
   3427 163.0
   3203 144.0
   3139 237.0
   3051 211.0
   2756 148.0
   2665 233.0
   2540 229.0
   2431 236.0
   2035 142.0
   2015 13.0
   2007 141.0
   1625 50.0
   1625 125.0
   1563 224.0
   1554 239.0
   1515 87.0
   1346 238.0
   1290 138.0
   1267 263.0
   1255 140.0
   1154 143.0
   1130 4.0
   1032 43.0
   1031 232.0
    898 262.0
    871 132.0
    827 261.0
    621 88.0
    588 209.0
    524 75.0
    477 255.0
    475 33.0
    475 151.0
    455 45.0
    432 181.0
    423 256.0
    419 41.0
    393 7.0
    379 145.0
    337 66.0
    328 42.0
    319 74.0
    310 166.0
    263 264.0
    254 112.0
    249 1.0
    248 80.0
    241 97.0
    231 65.0
    221 49.0
    206 25.0
    202 244.0
    202 116.0
    182 226.0
    175 129.0
    166 40.0
    163 61.0
    163 24.0
    156 223.0
    153 37.0
    150 243.0
    147 17.0
    137 189.0
    136 52.0
    115 179.0
    109 36.0
    102 225.0
    102 12.0
     96 265.0
     92 146.0
     91 89.0
     91 14.0
     82 95.0
     69 198.0
     67 152.0
     64 106.0
     62 127.0
     61 82.0
     60 260.0
     58 228.0
